# 3ds Max Wavefront OBJ Exporter v0.97b - (c)2007 guruware
# File Created: 10.09.2017 11:52:13

mtllib Table tennis table.mtl

#
# object Box123
#

v  -796296.6250 114486.2500 -7939.0156
v  -755297.6250 114486.2500 -160949.2500
v  -528184.5000 114486.2500 -100094.4688
v  -569183.5000 114486.2500 52915.7656
v  -533197.7500 120739.9063 -101437.7578
v  -755297.6250 120739.9063 -160949.2500
v  -794805.3750 120739.9063 -13504.3125
v  -572705.5000 120739.9063 46007.1875
v  -528184.5000 120739.9063 -100094.4688
v  -569183.5000 120739.9063 52915.7656
v  -712881.0000 114486.2500 -319250.2500
v  -712881.0000 120739.9063 -319250.2500
v  -485767.8750 120739.9063 -258395.4531
v  -485767.8750 114486.2500 -258395.4531
v  -980993.1250 114486.2500 -227094.7813
v  -980993.1250 120739.9063 -227094.7813
v  -939994.1250 120739.9063 -380105.0000
v  -939994.1250 114486.2500 -380105.0000
v  -796296.6250 120739.9063 -7939.0156
v  -1023409.7500 120739.9063 -68793.7969
v  -1023409.7500 114486.2500 -68793.7969
v  -714372.2500 120739.9063 -313684.9375
v  -492272.3438 120739.9063 -254173.4375
v  -975979.8750 120739.9063 -225751.5000
v  -936472.1250 120739.9063 -373196.4375
v  -1016905.2500 120739.9063 -73015.8047
v  -753880.0000 114486.2500 -166240.0000
v  -753880.0000 120739.9063 -166240.0000
v  -531780.1250 120739.9063 -106728.5078
v  -526766.8750 120739.9063 -105385.2188
v  -526766.8750 114486.2500 -105385.2188
v  -982410.7500 120739.9063 -221804.0313
v  -982410.7500 114486.2500 -221804.0313
v  -977397.5000 120739.9063 -220460.7500
# 34 vertices

vn 0.0000 -1.0000 -0.0000
vn 0.0000 1.0000 -0.0000
vn 0.9659 0.0000 0.2588
vn 0.2588 0.0000 -0.9659
vn -0.9659 0.0000 -0.2588
vn -0.2588 0.0000 0.9659
# 6 vertex normals

vt 1.0000 0.5000 0.0000
vt 0.5085 0.5000 0.0000
vt 0.5085 0.0000 0.0000
vt 1.0000 0.0000 0.0000
vt 0.4912 0.0000 0.0000
vt 0.4912 0.5000 0.0000
vt 0.0000 0.5000 0.0000
vt 0.0000 0.0000 0.0000
vt 0.4915 0.0000 0.0000
vt 0.4915 1.0000 0.0000
vt 0.0000 1.0000 0.0000
vt 0.5000 0.0000 0.0000
vt 0.5000 1.0000 0.0000
vt 0.5085 1.0000 0.0000
vt 0.5088 1.0000 0.0000
vt 1.0000 1.0000 0.0000
vt 0.4915 0.5000 0.0000
vt 0.5088 0.5000 0.0000
vt 0.5088 0.0000 0.0000
vt 0.4912 1.0000 0.0000
# 20 texture coords

g Box123
usemtl _crayfishdiffuse
s 1
f -34/-20/-6 -33/-19/-6 -32/-18/-6 -31/-17/-6 
usemtl 02___Default
f -30/-16/-5 -29/-15/-5 -28/-14/-5 -27/-13/-5 
usemtl _crayfishdiffuse
s 2
f -32/-12/-4 -26/-11/-4 -25/-10/-4 -31/-13/-4 
s 4
f -24/-9/-3 -23/-8/-3 -22/-10/-3 -21/-13/-3 
s 2
f -20/-12/-2 -19/-11/-2 -18/-10/-2 -17/-13/-2 
s 4
f -34/-9/-1 -16/-8/-1 -15/-10/-1 -14/-13/-1 
s 1
f -26/-12/-5 -30/-16/-5 -27/-13/-5 -25/-13/-5 
f -23/-20/-5 -13/-20/-5 -12/-17/-5 -22/-17/-5 
f -19/-7/-5 -11/-6/-5 -10/-5/-5 -18/-5/-5 
f -16/-14/-5 -28/-14/-5 -9/-10/-5 -15/-10/-5 
f -17/-10/-6 -24/-14/-6 -8/-4/-6 -20/-11/-6 
usemtl 02___Default
f -12/-17/-5 -13/-20/-5 -7/-3/-5 -6/-2/-5 
usemtl _crayfishdiffuse
s 2
f -21/-17/-4 -22/-5/-4 -5/-7/-4 -4/-18/-4 
f -14/-17/-2 -15/-5/-2 -3/-7/-2 -2/-18/-2 
s 1
f -5/-18/-5 -22/-17/-5 -12/-17/-5 -6/-2/-5 
f -3/-11/-5 -15/-10/-5 -9/-10/-5 -1/-1/-5 
f -20/-11/-6 -8/-4/-6 -33/-19/-6 -2/-7/-6 
s off
f -6/-2/-5 -7/-3/-5 -29/-15/-5 -30/-16/-5 
s 2
f -32/-12/-4 -4/-18/-4 -5/-7/-4 -26/-11/-4 
f -20/-12/-2 -2/-18/-2 -3/-7/-2 -19/-11/-2 
s 1
f -26/-12/-5 -5/-18/-5 -6/-2/-5 -30/-16/-5 
f -19/-7/-5 -3/-11/-5 -1/-1/-5 -11/-6/-5 
f -14/-5/-6 -2/-7/-6 -33/-19/-6 -34/-20/-6 
usemtl 02___Default
f -1/-1/-5 -9/-10/-5 -28/-14/-5 -29/-15/-5 
usemtl _crayfishdiffuse
s 4
f -17/-17/-3 -18/-5/-3 -23/-8/-3 -24/-9/-3 
f -31/-17/-1 -25/-5/-1 -16/-8/-1 -34/-9/-1 
s 1
f -23/-20/-5 -18/-5/-5 -10/-5/-5 -13/-20/-5 
f -16/-14/-5 -25/-13/-5 -27/-13/-5 -28/-14/-5 
f -21/-13/-6 -4/-12/-6 -8/-4/-6 -24/-14/-6 
usemtl 02___Default
f -10/-5/-5 -11/-6/-5 -7/-3/-5 -13/-20/-5 
usemtl _crayfishdiffuse
f -4/-12/-6 -32/-18/-6 -33/-19/-6 -8/-4/-6 
s off
f -11/-6/-5 -1/-1/-5 -29/-15/-5 -7/-3/-5 
# 32 polygons

#
# object Box124
#

v  -536480.1250 -1499.7266 -234335.3438
v  -544676.4375 -1499.7266 -236531.5313
v  -541562.7500 -1499.7266 -248151.9063
v  -533366.4375 -1499.7266 -245955.7188
v  -536480.1250 119437.3984 -234335.3438
v  -533366.4375 119437.3984 -245955.7188
v  -541562.7500 119437.3984 -248151.9063
v  -544676.4375 119437.3984 -236531.5313
# 8 vertices

vn 0.0000 -1.0000 -0.0000
vn 0.0000 1.0000 -0.0000
vn 0.9659 0.0000 0.2588
vn 0.2588 0.0000 -0.9659
vn -0.9659 0.0000 -0.2588
vn -0.2588 0.0000 0.9659
# 6 vertex normals

vt 1.0000 0.0000 0.0000
vt 1.0000 1.0000 0.0000
vt 0.0000 1.0000 0.0000
vt 0.0000 0.0000 0.0000
# 4 texture coords

g Box124
usemtl _crayfishdiffuse
s 2
f -8/-4/-6 -7/-3/-6 -6/-2/-6 -5/-1/-6 
s 4
f -4/-1/-5 -3/-4/-5 -2/-3/-5 -1/-2/-5 
s 8
f -8/-1/-4 -5/-4/-4 -3/-3/-4 -4/-2/-4 
s 16
f -5/-1/-3 -6/-4/-3 -2/-3/-3 -3/-2/-3 
s 32
f -6/-1/-2 -7/-4/-2 -1/-3/-2 -2/-2/-2 
s 64
f -7/-1/-1 -8/-4/-1 -4/-3/-1 -1/-2/-1 
# 6 polygons

#
# object Box125
#

v  -721668.3125 120221.4766 -285728.6563
v  -722008.6875 120221.4766 -285819.8438
v  -721796.8125 120221.4766 -286610.5938
v  -721456.4375 120221.4766 -286519.4063
v  -721668.3125 138032.0000 -285728.6563
v  -721456.4375 138032.0000 -286519.4063
v  -721796.8125 138032.0000 -286610.5938
v  -722008.6875 138032.0000 -285819.8438
# 8 vertices

vn 0.0000 -1.0000 -0.0000
vn 0.0000 1.0000 -0.0000
vn 0.9659 0.0000 0.2588
vn 0.2588 0.0000 -0.9659
vn -0.9659 0.0000 -0.2588
vn -0.2588 0.0000 0.9659
# 6 vertex normals

vt 1.0000 0.0000 0.0000
vt 1.0000 1.0000 0.0000
vt 0.0000 1.0000 0.0000
vt 0.0000 0.0000 0.0000
# 4 texture coords

g Box125
usemtl 02___Default
s 2
f -8/-4/-6 -7/-3/-6 -6/-2/-6 -5/-1/-6 
s 4
f -4/-1/-5 -3/-4/-5 -2/-3/-5 -1/-2/-5 
s 8
f -8/-1/-4 -5/-4/-4 -3/-3/-4 -4/-2/-4 
s 16
f -5/-1/-3 -6/-4/-3 -2/-3/-3 -3/-2/-3 
s 32
f -6/-1/-2 -7/-4/-2 -1/-3/-2 -2/-2/-2 
s 64
f -7/-1/-1 -8/-4/-1 -4/-3/-1 -1/-2/-1 
# 6 polygons

#
# object Box126
#

v  -724967.9375 120221.4766 -273414.7188
v  -725308.3125 120221.4766 -273505.9063
v  -725096.4375 120221.4766 -274296.6563
v  -724756.0625 120221.4766 -274205.4688
v  -724967.9375 138032.0000 -273414.7188
v  -724756.0625 138032.0000 -274205.4688
v  -725096.4375 138032.0000 -274296.6563
v  -725308.3125 138032.0000 -273505.9063
# 8 vertices

vn 0.0000 -1.0000 -0.0000
vn 0.0000 1.0000 -0.0000
vn 0.9659 0.0000 0.2588
vn 0.2588 0.0000 -0.9659
vn -0.9659 0.0000 -0.2588
vn -0.2588 0.0000 0.9659
# 6 vertex normals

vt 1.0000 0.0000 0.0000
vt 1.0000 1.0000 0.0000
vt 0.0000 1.0000 0.0000
vt 0.0000 0.0000 0.0000
# 4 texture coords

g Box126
usemtl 02___Default
s 2
f -8/-4/-6 -7/-3/-6 -6/-2/-6 -5/-1/-6 
s 4
f -4/-1/-5 -3/-4/-5 -2/-3/-5 -1/-2/-5 
s 8
f -8/-1/-4 -5/-4/-4 -3/-3/-4 -4/-2/-4 
s 16
f -5/-1/-3 -6/-4/-3 -2/-3/-3 -3/-2/-3 
s 32
f -6/-1/-2 -7/-4/-2 -1/-3/-2 -2/-2/-2 
s 64
f -7/-1/-1 -8/-4/-1 -4/-3/-1 -1/-2/-1 
# 6 polygons

#
# object Box127
#

v  -725792.8750 120221.4766 -270336.2188
v  -726133.2500 120221.4766 -270427.4063
v  -725921.3750 120221.4766 -271218.1563
v  -725581.0000 120221.4766 -271126.9688
v  -725792.8750 138032.0000 -270336.2188
v  -725581.0000 138032.0000 -271126.9688
v  -725921.3750 138032.0000 -271218.1563
v  -726133.2500 138032.0000 -270427.4063
# 8 vertices

vn 0.0000 -1.0000 -0.0000
vn 0.0000 1.0000 -0.0000
vn 0.9659 0.0000 0.2588
vn 0.2588 0.0000 -0.9659
vn -0.9659 0.0000 -0.2588
vn -0.2588 0.0000 0.9659
# 6 vertex normals

vt 1.0000 0.0000 0.0000
vt 1.0000 1.0000 0.0000
vt 0.0000 1.0000 0.0000
vt 0.0000 0.0000 0.0000
# 4 texture coords

g Box127
usemtl 02___Default
s 2
f -8/-4/-6 -7/-3/-6 -6/-2/-6 -5/-1/-6 
s 4
f -4/-1/-5 -3/-4/-5 -2/-3/-5 -1/-2/-5 
s 8
f -8/-1/-4 -5/-4/-4 -3/-3/-4 -4/-2/-4 
s 16
f -5/-1/-3 -6/-4/-3 -2/-3/-3 -3/-2/-3 
s 32
f -6/-1/-2 -7/-4/-2 -1/-3/-2 -2/-2/-2 
s 64
f -7/-1/-1 -8/-4/-1 -4/-3/-1 -1/-2/-1 
# 6 polygons

#
# object Box128
#

v  -716719.1250 120221.4766 -304199.5938
v  -717059.5000 120221.4766 -304290.7813
v  -716847.6250 120221.4766 -305081.5313
v  -716507.2500 120221.4766 -304990.3438
v  -716719.1250 138032.0000 -304199.5938
v  -716507.2500 138032.0000 -304990.3438
v  -716847.6250 138032.0000 -305081.5313
v  -717059.5000 138032.0000 -304290.7813
# 8 vertices

vn 0.0000 -1.0000 -0.0000
vn 0.0000 1.0000 -0.0000
vn 0.9659 0.0000 0.2588
vn 0.2588 0.0000 -0.9659
vn -0.9659 0.0000 -0.2588
vn -0.2588 0.0000 0.9659
# 6 vertex normals

vt 1.0000 0.0000 0.0000
vt 1.0000 1.0000 0.0000
vt 0.0000 1.0000 0.0000
vt 0.0000 0.0000 0.0000
# 4 texture coords

g Box128
usemtl 02___Default
s 2
f -8/-4/-6 -7/-3/-6 -6/-2/-6 -5/-1/-6 
s 4
f -4/-1/-5 -3/-4/-5 -2/-3/-5 -1/-2/-5 
s 8
f -8/-1/-4 -5/-4/-4 -3/-3/-4 -4/-2/-4 
s 16
f -5/-1/-3 -6/-4/-3 -2/-3/-3 -3/-2/-3 
s 32
f -6/-1/-2 -7/-4/-2 -1/-3/-2 -2/-2/-2 
s 64
f -7/-1/-1 -8/-4/-1 -4/-3/-1 -1/-2/-1 
# 6 polygons

#
# object Box129
#

v  -726617.8125 120221.4766 -267257.7188
v  -726958.1875 120221.4766 -267348.9063
v  -726746.3125 120221.4766 -268139.6563
v  -726405.9375 120221.4766 -268048.4688
v  -726617.8125 138032.0000 -267257.7188
v  -726405.9375 138032.0000 -268048.4688
v  -726746.3125 138032.0000 -268139.6563
v  -726958.1875 138032.0000 -267348.9063
# 8 vertices

vn 0.0000 -1.0000 -0.0000
vn 0.0000 1.0000 -0.0000
vn 0.9659 0.0000 0.2588
vn 0.2588 0.0000 -0.9659
vn -0.9659 0.0000 -0.2588
vn -0.2588 0.0000 0.9659
# 6 vertex normals

vt 1.0000 0.0000 0.0000
vt 1.0000 1.0000 0.0000
vt 0.0000 1.0000 0.0000
vt 0.0000 0.0000 0.0000
# 4 texture coords

g Box129
usemtl 02___Default
s 2
f -8/-4/-6 -7/-3/-6 -6/-2/-6 -5/-1/-6 
s 4
f -4/-1/-5 -3/-4/-5 -2/-3/-5 -1/-2/-5 
s 8
f -8/-1/-4 -5/-4/-4 -3/-3/-4 -4/-2/-4 
s 16
f -5/-1/-3 -6/-4/-3 -2/-3/-3 -3/-2/-3 
s 32
f -6/-1/-2 -7/-4/-2 -1/-3/-2 -2/-2/-2 
s 64
f -7/-1/-1 -8/-4/-1 -4/-3/-1 -1/-2/-1 
# 6 polygons

#
# object Box130
#

v  -728267.5000 120221.4766 -261100.7813
v  -728607.8750 120221.4766 -261191.9688
v  -728396.0000 120221.4766 -261982.7188
v  -728055.6250 120221.4766 -261891.5313
v  -728267.5000 138032.0000 -261100.7813
v  -728055.6250 138032.0000 -261891.5313
v  -728396.0000 138032.0000 -261982.7188
v  -728607.8750 138032.0000 -261191.9688
# 8 vertices

vn 0.0000 -1.0000 -0.0000
vn 0.0000 1.0000 -0.0000
vn 0.9659 0.0000 0.2588
vn 0.2588 0.0000 -0.9659
vn -0.9659 0.0000 -0.2588
vn -0.2588 0.0000 0.9659
# 6 vertex normals

vt 1.0000 0.0000 0.0000
vt 1.0000 1.0000 0.0000
vt 0.0000 1.0000 0.0000
vt 0.0000 0.0000 0.0000
# 4 texture coords

g Box130
usemtl 02___Default
s 2
f -8/-4/-6 -7/-3/-6 -6/-2/-6 -5/-1/-6 
s 4
f -4/-1/-5 -3/-4/-5 -2/-3/-5 -1/-2/-5 
s 8
f -8/-1/-4 -5/-4/-4 -3/-3/-4 -4/-2/-4 
s 16
f -5/-1/-3 -6/-4/-3 -2/-3/-3 -3/-2/-3 
s 32
f -6/-1/-2 -7/-4/-2 -1/-3/-2 -2/-2/-2 
s 64
f -7/-1/-1 -8/-4/-1 -4/-3/-1 -1/-2/-1 
# 6 polygons

#
# object Box131
#

v  -729092.3125 120221.4766 -258022.2969
v  -729432.6875 120221.4766 -258113.4844
v  -729220.8125 120221.4766 -258904.2344
v  -728880.4375 120221.4766 -258813.0469
v  -729092.3125 138032.0000 -258022.2969
v  -728880.4375 138032.0000 -258813.0469
v  -729220.8125 138032.0000 -258904.2344
v  -729432.6875 138032.0000 -258113.4844
# 8 vertices

vn 0.0000 -1.0000 -0.0000
vn 0.0000 1.0000 -0.0000
vn 0.9659 0.0000 0.2588
vn 0.2588 0.0000 -0.9659
vn -0.9659 0.0000 -0.2588
vn -0.2588 0.0000 0.9659
# 6 vertex normals

vt 1.0000 0.0000 0.0000
vt 1.0000 1.0000 0.0000
vt 0.0000 1.0000 0.0000
vt 0.0000 0.0000 0.0000
# 4 texture coords

g Box131
usemtl 02___Default
s 2
f -8/-4/-6 -7/-3/-6 -6/-2/-6 -5/-1/-6 
s 4
f -4/-1/-5 -3/-4/-5 -2/-3/-5 -1/-2/-5 
s 8
f -8/-1/-4 -5/-4/-4 -3/-3/-4 -4/-2/-4 
s 16
f -5/-1/-3 -6/-4/-3 -2/-3/-3 -3/-2/-3 
s 32
f -6/-1/-2 -7/-4/-2 -1/-3/-2 -2/-2/-2 
s 64
f -7/-1/-1 -8/-4/-1 -4/-3/-1 -1/-2/-1 
# 6 polygons

#
# object Box132
#

v  -729917.1875 120221.4766 -254943.8125
v  -730257.5625 120221.4766 -255035.0000
v  -730045.6875 120221.4766 -255825.7500
v  -729705.3125 120221.4766 -255734.5625
v  -729917.1875 138032.0000 -254943.8125
v  -729705.3125 138032.0000 -255734.5625
v  -730045.6875 138032.0000 -255825.7500
v  -730257.5625 138032.0000 -255035.0000
# 8 vertices

vn 0.0000 -1.0000 -0.0000
vn 0.0000 1.0000 -0.0000
vn 0.9659 0.0000 0.2588
vn 0.2588 0.0000 -0.9659
vn -0.9659 0.0000 -0.2588
vn -0.2588 0.0000 0.9659
# 6 vertex normals

vt 1.0000 0.0000 0.0000
vt 1.0000 1.0000 0.0000
vt 0.0000 1.0000 0.0000
vt 0.0000 0.0000 0.0000
# 4 texture coords

g Box132
usemtl 02___Default
s 2
f -8/-4/-6 -7/-3/-6 -6/-2/-6 -5/-1/-6 
s 4
f -4/-1/-5 -3/-4/-5 -2/-3/-5 -1/-2/-5 
s 8
f -8/-1/-4 -5/-4/-4 -3/-3/-4 -4/-2/-4 
s 16
f -5/-1/-3 -6/-4/-3 -2/-3/-3 -3/-2/-3 
s 32
f -6/-1/-2 -7/-4/-2 -1/-3/-2 -2/-2/-2 
s 64
f -7/-1/-1 -8/-4/-1 -4/-3/-1 -1/-2/-1 
# 6 polygons

#
# object Box133
#

v  -730742.1250 120221.4766 -251865.2813
v  -731082.5000 120221.4766 -251956.4688
v  -730870.6250 120221.4766 -252747.2188
v  -730530.2500 120221.4766 -252656.0313
v  -730742.1250 138032.0000 -251865.2813
v  -730530.2500 138032.0000 -252656.0313
v  -730870.6250 138032.0000 -252747.2188
v  -731082.5000 138032.0000 -251956.4688
# 8 vertices

vn 0.0000 -1.0000 -0.0000
vn 0.0000 1.0000 -0.0000
vn 0.9659 0.0000 0.2588
vn 0.2588 0.0000 -0.9659
vn -0.9659 0.0000 -0.2588
vn -0.2588 0.0000 0.9659
# 6 vertex normals

vt 1.0000 0.0000 0.0000
vt 1.0000 1.0000 0.0000
vt 0.0000 1.0000 0.0000
vt 0.0000 0.0000 0.0000
# 4 texture coords

g Box133
usemtl 02___Default
s 2
f -8/-4/-6 -7/-3/-6 -6/-2/-6 -5/-1/-6 
s 4
f -4/-1/-5 -3/-4/-5 -2/-3/-5 -1/-2/-5 
s 8
f -8/-1/-4 -5/-4/-4 -3/-3/-4 -4/-2/-4 
s 16
f -5/-1/-3 -6/-4/-3 -2/-3/-3 -3/-2/-3 
s 32
f -6/-1/-2 -7/-4/-2 -1/-3/-2 -2/-2/-2 
s 64
f -7/-1/-1 -8/-4/-1 -4/-3/-1 -1/-2/-1 
# 6 polygons

#
# object Box134
#

v  -727442.6875 120221.4766 -264179.2188
v  -727783.0625 120221.4766 -264270.4063
v  -727571.1875 120221.4766 -265061.1563
v  -727230.8125 120221.4766 -264969.9688
v  -727442.6875 138032.0000 -264179.2188
v  -727230.8125 138032.0000 -264969.9688
v  -727571.1875 138032.0000 -265061.1563
v  -727783.0625 138032.0000 -264270.4063
# 8 vertices

vn 0.0000 -1.0000 -0.0000
vn 0.0000 1.0000 -0.0000
vn 0.9659 0.0000 0.2588
vn 0.2588 0.0000 -0.9659
vn -0.9659 0.0000 -0.2588
vn -0.2588 0.0000 0.9659
# 6 vertex normals

vt 1.0000 0.0000 0.0000
vt 1.0000 1.0000 0.0000
vt 0.0000 1.0000 0.0000
vt 0.0000 0.0000 0.0000
# 4 texture coords

g Box134
usemtl 02___Default
s 2
f -8/-4/-6 -7/-3/-6 -6/-2/-6 -5/-1/-6 
s 4
f -4/-1/-5 -3/-4/-5 -2/-3/-5 -1/-2/-5 
s 8
f -8/-1/-4 -5/-4/-4 -3/-3/-4 -4/-2/-4 
s 16
f -5/-1/-3 -6/-4/-3 -2/-3/-3 -3/-2/-3 
s 32
f -6/-1/-2 -7/-4/-2 -1/-3/-2 -2/-2/-2 
s 64
f -7/-1/-1 -8/-4/-1 -4/-3/-1 -1/-2/-1 
# 6 polygons

#
# object Box135
#

v  -720018.6250 120221.4766 -291885.6875
v  -720359.0000 120221.4766 -291976.8750
v  -720147.1250 120221.4766 -292767.6250
v  -719806.7500 120221.4766 -292676.4375
v  -720018.6250 138032.0000 -291885.6875
v  -719806.7500 138032.0000 -292676.4375
v  -720147.1250 138032.0000 -292767.6250
v  -720359.0000 138032.0000 -291976.8750
# 8 vertices

vn 0.0000 -1.0000 -0.0000
vn 0.0000 1.0000 -0.0000
vn 0.9659 0.0000 0.2588
vn 0.2588 0.0000 -0.9659
vn -0.9659 0.0000 -0.2588
vn -0.2588 0.0000 0.9659
# 6 vertex normals

vt 1.0000 0.0000 0.0000
vt 1.0000 1.0000 0.0000
vt 0.0000 1.0000 0.0000
vt 0.0000 0.0000 0.0000
# 4 texture coords

g Box135
usemtl 02___Default
s 2
f -8/-4/-6 -7/-3/-6 -6/-2/-6 -5/-1/-6 
s 4
f -4/-1/-5 -3/-4/-5 -2/-3/-5 -1/-2/-5 
s 8
f -8/-1/-4 -5/-4/-4 -3/-3/-4 -4/-2/-4 
s 16
f -5/-1/-3 -6/-4/-3 -2/-3/-3 -3/-2/-3 
s 32
f -6/-1/-2 -7/-4/-2 -1/-3/-2 -2/-2/-2 
s 64
f -7/-1/-1 -8/-4/-1 -4/-3/-1 -1/-2/-1 
# 6 polygons

#
# object Box136
#

v  -714244.5000 120221.4766 -313435.0938
v  -714584.8750 120221.4766 -313526.2813
v  -714373.0000 120221.4766 -314317.0313
v  -714032.6250 120221.4766 -314225.8438
v  -714244.5000 138032.0000 -313435.0938
v  -714032.6250 138032.0000 -314225.8438
v  -714373.0000 138032.0000 -314317.0313
v  -714584.8750 138032.0000 -313526.2813
# 8 vertices

vn 0.0000 -1.0000 -0.0000
vn 0.0000 1.0000 -0.0000
vn 0.9659 0.0000 0.2588
vn 0.2588 0.0000 -0.9659
vn -0.9659 0.0000 -0.2588
vn -0.2588 0.0000 0.9659
# 6 vertex normals

vt 1.0000 0.0000 0.0000
vt 1.0000 1.0000 0.0000
vt 0.0000 1.0000 0.0000
vt 0.0000 0.0000 0.0000
# 4 texture coords

g Box136
usemtl 02___Default
s 2
f -8/-4/-6 -7/-3/-6 -6/-2/-6 -5/-1/-6 
s 4
f -4/-1/-5 -3/-4/-5 -2/-3/-5 -1/-2/-5 
s 8
f -8/-1/-4 -5/-4/-4 -3/-3/-4 -4/-2/-4 
s 16
f -5/-1/-3 -6/-4/-3 -2/-3/-3 -3/-2/-3 
s 32
f -6/-1/-2 -7/-4/-2 -1/-3/-2 -2/-2/-2 
s 64
f -7/-1/-1 -8/-4/-1 -4/-3/-1 -1/-2/-1 
# 6 polygons

#
# object Box137
#

v  -715894.2500 120221.4766 -307278.1563
v  -716234.6250 120221.4766 -307369.3438
v  -716022.7500 120221.4766 -308160.0938
v  -715682.3750 120221.4766 -308068.9063
v  -715894.2500 138032.0000 -307278.1563
v  -715682.3750 138032.0000 -308068.9063
v  -716022.7500 138032.0000 -308160.0938
v  -716234.6250 138032.0000 -307369.3438
# 8 vertices

vn 0.0000 -1.0000 -0.0000
vn 0.0000 1.0000 -0.0000
vn 0.9659 0.0000 0.2588
vn 0.2588 0.0000 -0.9659
vn -0.9659 0.0000 -0.2588
vn -0.2588 0.0000 0.9659
# 6 vertex normals

vt 1.0000 0.0000 0.0000
vt 1.0000 1.0000 0.0000
vt 0.0000 1.0000 0.0000
vt 0.0000 0.0000 0.0000
# 4 texture coords

g Box137
usemtl 02___Default
s 2
f -8/-4/-6 -7/-3/-6 -6/-2/-6 -5/-1/-6 
s 4
f -4/-1/-5 -3/-4/-5 -2/-3/-5 -1/-2/-5 
s 8
f -8/-1/-4 -5/-4/-4 -3/-3/-4 -4/-2/-4 
s 16
f -5/-1/-3 -6/-4/-3 -2/-3/-3 -3/-2/-3 
s 32
f -6/-1/-2 -7/-4/-2 -1/-3/-2 -2/-2/-2 
s 64
f -7/-1/-1 -8/-4/-1 -4/-3/-1 -1/-2/-1 
# 6 polygons

#
# object Box138
#

v  -715069.3125 120221.4766 -310356.6563
v  -715409.6875 120221.4766 -310447.8438
v  -715197.8125 120221.4766 -311238.5938
v  -714857.4375 120221.4766 -311147.4063
v  -715069.3125 138032.0000 -310356.6563
v  -714857.4375 138032.0000 -311147.4063
v  -715197.8125 138032.0000 -311238.5938
v  -715409.6875 138032.0000 -310447.8438
# 8 vertices

vn 0.0000 -1.0000 -0.0000
vn 0.0000 1.0000 -0.0000
vn 0.9659 0.0000 0.2588
vn 0.2588 0.0000 -0.9659
vn -0.9659 0.0000 -0.2588
vn -0.2588 0.0000 0.9659
# 6 vertex normals

vt 1.0000 0.0000 0.0000
vt 1.0000 1.0000 0.0000
vt 0.0000 1.0000 0.0000
vt 0.0000 0.0000 0.0000
# 4 texture coords

g Box138
usemtl 02___Default
s 2
f -8/-4/-6 -7/-3/-6 -6/-2/-6 -5/-1/-6 
s 4
f -4/-1/-5 -3/-4/-5 -2/-3/-5 -1/-2/-5 
s 8
f -8/-1/-4 -5/-4/-4 -3/-3/-4 -4/-2/-4 
s 16
f -5/-1/-3 -6/-4/-3 -2/-3/-3 -3/-2/-3 
s 32
f -6/-1/-2 -7/-4/-2 -1/-3/-2 -2/-2/-2 
s 64
f -7/-1/-1 -8/-4/-1 -4/-3/-1 -1/-2/-1 
# 6 polygons

#
# object Box139
#

v  -719193.7500 120221.4766 -294964.2188
v  -719534.1250 120221.4766 -295055.4063
v  -719322.2500 120221.4766 -295846.1563
v  -718981.8750 120221.4766 -295754.9688
v  -719193.7500 138032.0000 -294964.2188
v  -718981.8750 138032.0000 -295754.9688
v  -719322.2500 138032.0000 -295846.1563
v  -719534.1250 138032.0000 -295055.4063
# 8 vertices

vn 0.0000 -1.0000 -0.0000
vn 0.0000 1.0000 -0.0000
vn 0.9659 0.0000 0.2588
vn 0.2588 0.0000 -0.9659
vn -0.9659 0.0000 -0.2588
vn -0.2588 0.0000 0.9659
# 6 vertex normals

vt 1.0000 0.0000 0.0000
vt 1.0000 1.0000 0.0000
vt 0.0000 1.0000 0.0000
vt 0.0000 0.0000 0.0000
# 4 texture coords

g Box139
usemtl 02___Default
s 2
f -8/-4/-6 -7/-3/-6 -6/-2/-6 -5/-1/-6 
s 4
f -4/-1/-5 -3/-4/-5 -2/-3/-5 -1/-2/-5 
s 8
f -8/-1/-4 -5/-4/-4 -3/-3/-4 -4/-2/-4 
s 16
f -5/-1/-3 -6/-4/-3 -2/-3/-3 -3/-2/-3 
s 32
f -6/-1/-2 -7/-4/-2 -1/-3/-2 -2/-2/-2 
s 64
f -7/-1/-1 -8/-4/-1 -4/-3/-1 -1/-2/-1 
# 6 polygons

#
# object Box140
#

v  -722493.3125 120221.4766 -282650.2188
v  -722833.6875 120221.4766 -282741.4063
v  -722621.8125 120221.4766 -283532.1563
v  -722281.4375 120221.4766 -283440.9688
v  -722493.3125 138032.0000 -282650.2188
v  -722281.4375 138032.0000 -283440.9688
v  -722621.8125 138032.0000 -283532.1563
v  -722833.6875 138032.0000 -282741.4063
# 8 vertices

vn 0.0000 -1.0000 -0.0000
vn 0.0000 1.0000 -0.0000
vn 0.9659 0.0000 0.2588
vn 0.2588 0.0000 -0.9659
vn -0.9659 0.0000 -0.2588
vn -0.2588 0.0000 0.9659
# 6 vertex normals

vt 1.0000 0.0000 0.0000
vt 1.0000 1.0000 0.0000
vt 0.0000 1.0000 0.0000
vt 0.0000 0.0000 0.0000
# 4 texture coords

g Box140
usemtl 02___Default
s 2
f -8/-4/-6 -7/-3/-6 -6/-2/-6 -5/-1/-6 
s 4
f -4/-1/-5 -3/-4/-5 -2/-3/-5 -1/-2/-5 
s 8
f -8/-1/-4 -5/-4/-4 -3/-3/-4 -4/-2/-4 
s 16
f -5/-1/-3 -6/-4/-3 -2/-3/-3 -3/-2/-3 
s 32
f -6/-1/-2 -7/-4/-2 -1/-3/-2 -2/-2/-2 
s 64
f -7/-1/-1 -8/-4/-1 -4/-3/-1 -1/-2/-1 
# 6 polygons

#
# object Box141
#

v  -723318.1250 120221.4766 -279571.7188
v  -723658.5000 120221.4766 -279662.9063
v  -723446.6250 120221.4766 -280453.6563
v  -723106.2500 120221.4766 -280362.4688
v  -723318.1250 138032.0000 -279571.7188
v  -723106.2500 138032.0000 -280362.4688
v  -723446.6250 138032.0000 -280453.6563
v  -723658.5000 138032.0000 -279662.9063
# 8 vertices

vn 0.0000 -1.0000 -0.0000
vn 0.0000 1.0000 -0.0000
vn 0.9659 0.0000 0.2588
vn 0.2588 0.0000 -0.9659
vn -0.9659 0.0000 -0.2588
vn -0.2588 0.0000 0.9659
# 6 vertex normals

vt 1.0000 0.0000 0.0000
vt 1.0000 1.0000 0.0000
vt 0.0000 1.0000 0.0000
vt 0.0000 0.0000 0.0000
# 4 texture coords

g Box141
usemtl 02___Default
s 2
f -8/-4/-6 -7/-3/-6 -6/-2/-6 -5/-1/-6 
s 4
f -4/-1/-5 -3/-4/-5 -2/-3/-5 -1/-2/-5 
s 8
f -8/-1/-4 -5/-4/-4 -3/-3/-4 -4/-2/-4 
s 16
f -5/-1/-3 -6/-4/-3 -2/-3/-3 -3/-2/-3 
s 32
f -6/-1/-2 -7/-4/-2 -1/-3/-2 -2/-2/-2 
s 64
f -7/-1/-1 -8/-4/-1 -4/-3/-1 -1/-2/-1 
# 6 polygons

#
# object Box142
#

v  -724143.0625 120221.4766 -276493.2500
v  -724483.4375 120221.4766 -276584.4375
v  -724271.5625 120221.4766 -277375.1875
v  -723931.1875 120221.4766 -277284.0000
v  -724143.0625 138032.0000 -276493.2500
v  -723931.1875 138032.0000 -277284.0000
v  -724271.5625 138032.0000 -277375.1875
v  -724483.4375 138032.0000 -276584.4375
# 8 vertices

vn 0.0000 -1.0000 -0.0000
vn 0.0000 1.0000 -0.0000
vn 0.9659 0.0000 0.2588
vn 0.2588 0.0000 -0.9659
vn -0.9659 0.0000 -0.2588
vn -0.2588 0.0000 0.9659
# 6 vertex normals

vt 1.0000 0.0000 0.0000
vt 1.0000 1.0000 0.0000
vt 0.0000 1.0000 0.0000
vt 0.0000 0.0000 0.0000
# 4 texture coords

g Box142
usemtl 02___Default
s 2
f -8/-4/-6 -7/-3/-6 -6/-2/-6 -5/-1/-6 
s 4
f -4/-1/-5 -3/-4/-5 -2/-3/-5 -1/-2/-5 
s 8
f -8/-1/-4 -5/-4/-4 -3/-3/-4 -4/-2/-4 
s 16
f -5/-1/-3 -6/-4/-3 -2/-3/-3 -3/-2/-3 
s 32
f -6/-1/-2 -7/-4/-2 -1/-3/-2 -2/-2/-2 
s 64
f -7/-1/-1 -8/-4/-1 -4/-3/-1 -1/-2/-1 
# 6 polygons

#
# object Box143
#

v  -718368.9375 120221.4766 -298042.6563
v  -718709.3125 120221.4766 -298133.8438
v  -718497.4375 120221.4766 -298924.5938
v  -718157.0625 120221.4766 -298833.4063
v  -718368.9375 138032.0000 -298042.6563
v  -718157.0625 138032.0000 -298833.4063
v  -718497.4375 138032.0000 -298924.5938
v  -718709.3125 138032.0000 -298133.8438
# 8 vertices

vn 0.0000 -1.0000 -0.0000
vn 0.0000 1.0000 -0.0000
vn 0.9659 0.0000 0.2588
vn 0.2588 0.0000 -0.9659
vn -0.9659 0.0000 -0.2588
vn -0.2588 0.0000 0.9659
# 6 vertex normals

vt 1.0000 0.0000 0.0000
vt 1.0000 1.0000 0.0000
vt 0.0000 1.0000 0.0000
vt 0.0000 0.0000 0.0000
# 4 texture coords

g Box143
usemtl 02___Default
s 2
f -8/-4/-6 -7/-3/-6 -6/-2/-6 -5/-1/-6 
s 4
f -4/-1/-5 -3/-4/-5 -2/-3/-5 -1/-2/-5 
s 8
f -8/-1/-4 -5/-4/-4 -3/-3/-4 -4/-2/-4 
s 16
f -5/-1/-3 -6/-4/-3 -2/-3/-3 -3/-2/-3 
s 32
f -6/-1/-2 -7/-4/-2 -1/-3/-2 -2/-2/-2 
s 64
f -7/-1/-1 -8/-4/-1 -4/-3/-1 -1/-2/-1 
# 6 polygons

#
# object Box144
#

v  -717544.0625 120221.4766 -301121.0938
v  -717884.4375 120221.4766 -301212.2813
v  -717672.5625 120221.4766 -302003.0313
v  -717332.1875 120221.4766 -301911.8438
v  -717544.0625 138032.0000 -301121.0938
v  -717332.1875 138032.0000 -301911.8438
v  -717672.5625 138032.0000 -302003.0313
v  -717884.4375 138032.0000 -301212.2813
# 8 vertices

vn 0.0000 -1.0000 -0.0000
vn 0.0000 1.0000 -0.0000
vn 0.9659 0.0000 0.2588
vn 0.2588 0.0000 -0.9659
vn -0.9659 0.0000 -0.2588
vn -0.2588 0.0000 0.9659
# 6 vertex normals

vt 1.0000 0.0000 0.0000
vt 1.0000 1.0000 0.0000
vt 0.0000 1.0000 0.0000
vt 0.0000 0.0000 0.0000
# 4 texture coords

g Box144
usemtl 02___Default
s 2
f -8/-4/-6 -7/-3/-6 -6/-2/-6 -5/-1/-6 
s 4
f -4/-1/-5 -3/-4/-5 -2/-3/-5 -1/-2/-5 
s 8
f -8/-1/-4 -5/-4/-4 -3/-3/-4 -4/-2/-4 
s 16
f -5/-1/-3 -6/-4/-3 -2/-3/-3 -3/-2/-3 
s 32
f -6/-1/-2 -7/-4/-2 -1/-3/-2 -2/-2/-2 
s 64
f -7/-1/-1 -8/-4/-1 -4/-3/-1 -1/-2/-1 
# 6 polygons

#
# object Box145
#

v  -720843.6250 120221.4766 -288807.1563
v  -721184.0000 120221.4766 -288898.3438
v  -720972.1250 120221.4766 -289689.0938
v  -720631.7500 120221.4766 -289597.9063
v  -720843.6250 138032.0000 -288807.1563
v  -720631.7500 138032.0000 -289597.9063
v  -720972.1250 138032.0000 -289689.0938
v  -721184.0000 138032.0000 -288898.3438
# 8 vertices

vn 0.0000 -1.0000 -0.0000
vn 0.0000 1.0000 -0.0000
vn 0.9659 0.0000 0.2588
vn 0.2588 0.0000 -0.9659
vn -0.9659 0.0000 -0.2588
vn -0.2588 0.0000 0.9659
# 6 vertex normals

vt 1.0000 0.0000 0.0000
vt 1.0000 1.0000 0.0000
vt 0.0000 1.0000 0.0000
vt 0.0000 0.0000 0.0000
# 4 texture coords

g Box145
usemtl 02___Default
s 2
f -8/-4/-6 -7/-3/-6 -6/-2/-6 -5/-1/-6 
s 4
f -4/-1/-5 -3/-4/-5 -2/-3/-5 -1/-2/-5 
s 8
f -8/-1/-4 -5/-4/-4 -3/-3/-4 -4/-2/-4 
s 16
f -5/-1/-3 -6/-4/-3 -2/-3/-3 -3/-2/-3 
s 32
f -6/-1/-2 -7/-4/-2 -1/-3/-2 -2/-2/-2 
s 64
f -7/-1/-1 -8/-4/-1 -4/-3/-1 -1/-2/-1 
# 6 polygons

#
# object Box146
#

v  -604018.4375 -1499.7266 17721.3125
v  -612214.7500 -1499.7266 15525.1279
v  -609101.0625 -1499.7266 3904.7500
v  -600904.7500 -1499.7266 6100.9346
v  -604018.4375 119437.3984 17721.3125
v  -600904.7500 119437.3984 6100.9346
v  -609101.0625 119437.3984 3904.7500
v  -612214.7500 119437.3984 15525.1279
# 8 vertices

vn 0.0000 -1.0000 -0.0000
vn 0.0000 1.0000 -0.0000
vn 0.9659 0.0000 0.2588
vn 0.2588 0.0000 -0.9659
vn -0.9659 0.0000 -0.2588
vn -0.2588 0.0000 0.9659
# 6 vertex normals

vt 1.0000 0.0000 0.0000
vt 1.0000 1.0000 0.0000
vt 0.0000 1.0000 0.0000
vt 0.0000 0.0000 0.0000
# 4 texture coords

g Box146
usemtl _crayfishdiffuse
s 2
f -8/-4/-6 -7/-3/-6 -6/-2/-6 -5/-1/-6 
s 4
f -4/-1/-5 -3/-4/-5 -2/-3/-5 -1/-2/-5 
s 8
f -8/-1/-4 -5/-4/-4 -3/-3/-4 -4/-2/-4 
s 16
f -5/-1/-3 -6/-4/-3 -2/-3/-3 -3/-2/-3 
s 32
f -6/-1/-2 -7/-4/-2 -1/-3/-2 -2/-2/-2 
s 64
f -7/-1/-1 -8/-4/-1 -4/-3/-1 -1/-2/-1 
# 6 polygons

#
# object Box147
#

v  -795079.4375 118513.0000 -8433.5645
v  -797080.5000 118513.0000 -8969.7480
v  -796448.8125 118513.0000 -11327.1230
v  -794447.7500 118513.0000 -10790.9395
v  -795079.4375 141391.4531 -8433.5645
v  -794447.7500 141391.4531 -10790.9395
v  -796448.8125 141391.4531 -11327.1230
v  -797080.5000 141391.4531 -8969.7480
# 8 vertices

vn 0.0000 -1.0000 -0.0000
vn 0.0000 1.0000 -0.0000
vn 0.9659 0.0000 0.2588
vn 0.2588 0.0000 -0.9659
vn -0.9659 0.0000 -0.2588
vn -0.2588 0.0000 0.9659
# 6 vertex normals

vt 1.0000 0.0000 0.0000
vt 1.0000 1.0000 0.0000
vt 0.0000 1.0000 0.0000
vt 0.0000 0.0000 0.0000
# 4 texture coords

g Box147
usemtl 02___Default
s 2
f -8/-4/-6 -7/-3/-6 -6/-2/-6 -5/-1/-6 
s 4
f -4/-1/-5 -3/-4/-5 -2/-3/-5 -1/-2/-5 
s 8
f -8/-1/-4 -5/-4/-4 -3/-3/-4 -4/-2/-4 
s 16
f -5/-1/-3 -6/-4/-3 -2/-3/-3 -3/-2/-3 
s 32
f -6/-1/-2 -7/-4/-2 -1/-3/-2 -2/-2/-2 
s 64
f -7/-1/-1 -8/-4/-1 -4/-3/-1 -1/-2/-1 
# 6 polygons

#
# object Box148
#

v  -713073.5625 134810.7500 -317842.7813
v  -713395.1875 134810.7500 -317928.9688
v  -713395.1875 135395.0625 -317928.9688
v  -713073.5625 135395.0625 -317842.7813
v  -795360.2500 134810.7500 -10744.6875
v  -795360.2500 135395.0625 -10744.6875
v  -795681.8750 135395.0625 -10830.8750
v  -795681.8750 134810.7500 -10830.8750
# 8 vertices

vn 0.2588 0.0000 -0.9659
vn -0.2588 -0.0000 0.9659
vn 0.9659 0.0000 0.2588
vn -0.0000 1.0000 -0.0000
vn -0.9659 -0.0000 -0.2588
vn 0.0000 -1.0000 -0.0000
# 6 vertex normals

vt 1.0000 0.0000 0.0000
vt 1.0000 1.0000 0.0000
vt 0.0000 1.0000 0.0000
vt 0.0000 0.0000 0.0000
# 4 texture coords

g Box148
usemtl 02___Default
s 2
f -8/-4/-6 -7/-3/-6 -6/-2/-6 -5/-1/-6 
s 4
f -4/-1/-5 -3/-4/-5 -2/-3/-5 -1/-2/-5 
s 8
f -8/-1/-4 -5/-4/-4 -3/-3/-4 -4/-2/-4 
s 16
f -5/-1/-3 -6/-4/-3 -2/-3/-3 -3/-2/-3 
s 32
f -6/-1/-2 -7/-4/-2 -1/-3/-2 -2/-2/-2 
s 64
f -7/-1/-1 -8/-4/-1 -4/-3/-1 -1/-2/-1 
# 6 polygons

#
# object Box149
#

v  -713073.5625 126337.6406 -317842.7813
v  -713395.1875 126337.6406 -317928.9688
v  -713395.1875 126921.9531 -317928.9688
v  -713073.5625 126921.9531 -317842.7813
v  -795360.2500 126337.6406 -10744.6875
v  -795360.2500 126921.9531 -10744.6875
v  -795681.8750 126921.9531 -10830.8750
v  -795681.8750 126337.6406 -10830.8750
# 8 vertices

vn 0.2588 0.0000 -0.9659
vn -0.2588 -0.0000 0.9659
vn 0.9659 0.0000 0.2588
vn -0.0000 1.0000 -0.0000
vn -0.9659 -0.0000 -0.2588
vn 0.0000 -1.0000 -0.0000
# 6 vertex normals

vt 1.0000 0.0000 0.0000
vt 1.0000 1.0000 0.0000
vt 0.0000 1.0000 0.0000
vt 0.0000 0.0000 0.0000
# 4 texture coords

g Box149
usemtl 02___Default
s 2
f -8/-4/-6 -7/-3/-6 -6/-2/-6 -5/-1/-6 
s 4
f -4/-1/-5 -3/-4/-5 -2/-3/-5 -1/-2/-5 
s 8
f -8/-1/-4 -5/-4/-4 -3/-3/-4 -4/-2/-4 
s 16
f -5/-1/-3 -6/-4/-3 -2/-3/-3 -3/-2/-3 
s 32
f -6/-1/-2 -7/-4/-2 -1/-3/-2 -2/-2/-2 
s 64
f -7/-1/-1 -8/-4/-1 -4/-3/-1 -1/-2/-1 
# 6 polygons

#
# object Box150
#

v  -713073.5625 132692.5000 -317842.7813
v  -713395.1875 132692.5000 -317928.9688
v  -713395.1875 133276.8125 -317928.9688
v  -713073.5625 133276.8125 -317842.7813
v  -795360.2500 132692.5000 -10744.6875
v  -795360.2500 133276.8125 -10744.6875
v  -795681.8750 133276.8125 -10830.8750
v  -795681.8750 132692.5000 -10830.8750
# 8 vertices

vn 0.2588 0.0000 -0.9659
vn -0.2588 -0.0000 0.9659
vn 0.9659 0.0000 0.2588
vn -0.0000 1.0000 -0.0000
vn -0.9659 -0.0000 -0.2588
vn 0.0000 -1.0000 -0.0000
# 6 vertex normals

vt 1.0000 0.0000 0.0000
vt 1.0000 1.0000 0.0000
vt 0.0000 1.0000 0.0000
vt 0.0000 0.0000 0.0000
# 4 texture coords

g Box150
usemtl 02___Default
s 2
f -8/-4/-6 -7/-3/-6 -6/-2/-6 -5/-1/-6 
s 4
f -4/-1/-5 -3/-4/-5 -2/-3/-5 -1/-2/-5 
s 8
f -8/-1/-4 -5/-4/-4 -3/-3/-4 -4/-2/-4 
s 16
f -5/-1/-3 -6/-4/-3 -2/-3/-3 -3/-2/-3 
s 32
f -6/-1/-2 -7/-4/-2 -1/-3/-2 -2/-2/-2 
s 64
f -7/-1/-1 -8/-4/-1 -4/-3/-1 -1/-2/-1 
# 6 polygons

#
# object Box151
#

v  -902382.9375 63916.9063 -332378.7188
v  -902382.9375 71685.0625 -332378.7188
v  -899269.3125 71685.0625 -343999.0938
v  -899269.3125 63916.9063 -343999.0938
v  -787356.3125 63916.9023 -301557.4063
v  -784242.6250 63916.9023 -313177.7813
v  -784242.6250 71685.0547 -313177.7813
v  -787356.3125 71685.0547 -301557.4063
# 8 vertices

vn -0.9659 0.0000 -0.2588
vn 0.9659 -0.0000 0.2588
vn -0.0000 -1.0000 -0.0000
vn 0.2588 0.0000 -0.9659
vn 0.0000 1.0000 0.0000
vn -0.2588 0.0000 0.9659
# 6 vertex normals

vt 1.0000 0.0000 0.0000
vt 1.0000 1.0000 0.0000
vt 0.0000 1.0000 0.0000
vt 0.0000 0.0000 0.0000
# 4 texture coords

g Box151
usemtl _crayfishdiffuse
s 2
f -8/-4/-6 -7/-3/-6 -6/-2/-6 -5/-1/-6 
s 4
f -4/-1/-5 -3/-4/-5 -2/-3/-5 -1/-2/-5 
s 8
f -8/-1/-4 -5/-4/-4 -3/-3/-4 -4/-2/-4 
s 16
f -5/-1/-3 -6/-4/-3 -2/-3/-3 -3/-2/-3 
s 32
f -6/-1/-2 -7/-4/-2 -1/-3/-2 -2/-2/-2 
s 64
f -7/-1/-1 -8/-4/-1 -4/-3/-1 -1/-2/-1 
# 6 polygons

#
# object Box152
#

v  -713073.5625 124219.3828 -317842.7813
v  -713395.1875 124219.3828 -317928.9688
v  -713395.1875 124803.6953 -317928.9688
v  -713073.5625 124803.6953 -317842.7813
v  -795360.2500 124219.3828 -10744.6875
v  -795360.2500 124803.6953 -10744.6875
v  -795681.8750 124803.6953 -10830.8750
v  -795681.8750 124219.3828 -10830.8750
# 8 vertices

vn 0.2588 0.0000 -0.9659
vn -0.2588 -0.0000 0.9659
vn 0.9659 0.0000 0.2588
vn -0.0000 1.0000 -0.0000
vn -0.9659 -0.0000 -0.2588
vn 0.0000 -1.0000 -0.0000
# 6 vertex normals

vt 1.0000 0.0000 0.0000
vt 1.0000 1.0000 0.0000
vt 0.0000 1.0000 0.0000
vt 0.0000 0.0000 0.0000
# 4 texture coords

g Box152
usemtl 02___Default
s 2
f -8/-4/-6 -7/-3/-6 -6/-2/-6 -5/-1/-6 
s 4
f -4/-1/-5 -3/-4/-5 -2/-3/-5 -1/-2/-5 
s 8
f -8/-1/-4 -5/-4/-4 -3/-3/-4 -4/-2/-4 
s 16
f -5/-1/-3 -6/-4/-3 -2/-3/-3 -3/-2/-3 
s 32
f -6/-1/-2 -7/-4/-2 -1/-3/-2 -2/-2/-2 
s 64
f -7/-1/-1 -8/-4/-1 -4/-3/-1 -1/-2/-1 
# 6 polygons

#
# object Box153
#

v  -897692.7500 -1499.7266 -331121.9688
v  -905889.0625 -1499.7266 -333318.1563
v  -902775.3750 -1499.7266 -344938.5313
v  -894579.0625 -1499.7266 -342742.3438
v  -897692.7500 119437.3984 -331121.9688
v  -894579.0625 119437.3984 -342742.3438
v  -902775.3750 119437.3984 -344938.5313
v  -905889.0625 119437.3984 -333318.1563
# 8 vertices

vn 0.0000 -1.0000 -0.0000
vn 0.0000 1.0000 -0.0000
vn 0.9659 0.0000 0.2588
vn 0.2588 0.0000 -0.9659
vn -0.9659 0.0000 -0.2588
vn -0.2588 0.0000 0.9659
# 6 vertex normals

vt 1.0000 0.0000 0.0000
vt 1.0000 1.0000 0.0000
vt 0.0000 1.0000 0.0000
vt 0.0000 0.0000 0.0000
# 4 texture coords

g Box153
usemtl _crayfishdiffuse
s 2
f -8/-4/-6 -7/-3/-6 -6/-2/-6 -5/-1/-6 
s 4
f -4/-1/-5 -3/-4/-5 -2/-3/-5 -1/-2/-5 
s 8
f -8/-1/-4 -5/-4/-4 -3/-3/-4 -4/-2/-4 
s 16
f -5/-1/-3 -6/-4/-3 -2/-3/-3 -3/-2/-3 
s 32
f -6/-1/-2 -7/-4/-2 -1/-3/-2 -2/-2/-2 
s 64
f -7/-1/-1 -8/-4/-1 -4/-3/-1 -1/-2/-1 
# 6 polygons

#
# object Box154
#

v  -713073.5625 121996.4375 -317842.7813
v  -713395.1875 121996.4375 -317928.9688
v  -713395.1875 122580.7500 -317928.9688
v  -713073.5625 122580.7500 -317842.7813
v  -795360.2500 121996.4375 -10744.6875
v  -795360.2500 122580.7500 -10744.6875
v  -795681.8750 122580.7500 -10830.8750
v  -795681.8750 121996.4375 -10830.8750
# 8 vertices

vn 0.2588 0.0000 -0.9659
vn -0.2588 -0.0000 0.9659
vn 0.9659 0.0000 0.2588
vn -0.0000 1.0000 -0.0000
vn -0.9659 -0.0000 -0.2588
vn 0.0000 -1.0000 -0.0000
# 6 vertex normals

vt 1.0000 0.0000 0.0000
vt 1.0000 1.0000 0.0000
vt 0.0000 1.0000 0.0000
vt 0.0000 0.0000 0.0000
# 4 texture coords

g Box154
usemtl 02___Default
s 2
f -8/-4/-6 -7/-3/-6 -6/-2/-6 -5/-1/-6 
s 4
f -4/-1/-5 -3/-4/-5 -2/-3/-5 -1/-2/-5 
s 8
f -8/-1/-4 -5/-4/-4 -3/-3/-4 -4/-2/-4 
s 16
f -5/-1/-3 -6/-4/-3 -2/-3/-3 -3/-2/-3 
s 32
f -6/-1/-2 -7/-4/-2 -1/-3/-2 -2/-2/-2 
s 64
f -7/-1/-1 -8/-4/-1 -4/-3/-1 -1/-2/-1 
# 6 polygons

#
# object Box155
#

v  -713073.5625 128455.8984 -317842.7813
v  -713395.1875 128455.8984 -317928.9688
v  -713395.1875 129040.2109 -317928.9688
v  -713073.5625 129040.2109 -317842.7813
v  -795360.2500 128455.8984 -10744.6875
v  -795360.2500 129040.2109 -10744.6875
v  -795681.8750 129040.2109 -10830.8750
v  -795681.8750 128455.8984 -10830.8750
# 8 vertices

vn 0.2588 0.0000 -0.9659
vn -0.2588 -0.0000 0.9659
vn 0.9659 0.0000 0.2588
vn -0.0000 1.0000 -0.0000
vn -0.9659 -0.0000 -0.2588
vn 0.0000 -1.0000 -0.0000
# 6 vertex normals

vt 1.0000 0.0000 0.0000
vt 1.0000 1.0000 0.0000
vt 0.0000 1.0000 0.0000
vt 0.0000 0.0000 0.0000
# 4 texture coords

g Box155
usemtl 02___Default
s 2
f -8/-4/-6 -7/-3/-6 -6/-2/-6 -5/-1/-6 
s 4
f -4/-1/-5 -3/-4/-5 -2/-3/-5 -1/-2/-5 
s 8
f -8/-1/-4 -5/-4/-4 -3/-3/-4 -4/-2/-4 
s 16
f -5/-1/-3 -6/-4/-3 -2/-3/-3 -3/-2/-3 
s 32
f -6/-1/-2 -7/-4/-2 -1/-3/-2 -2/-2/-2 
s 64
f -7/-1/-1 -8/-4/-1 -4/-3/-1 -1/-2/-1 
# 6 polygons

#
# object Box156
#

v  -716701.8125 -1499.7266 -12472.0938
v  -724898.1250 -1499.7266 -14668.2783
v  -721784.4375 -1499.7266 -26288.6563
v  -713588.1250 -1499.7266 -24092.4727
v  -716701.8125 119437.3984 -12472.0938
v  -713588.1250 119437.3984 -24092.4727
v  -721784.4375 119437.3984 -26288.6563
v  -724898.1250 119437.3984 -14668.2783
# 8 vertices

vn 0.0000 -1.0000 -0.0000
vn 0.0000 1.0000 -0.0000
vn 0.9659 0.0000 0.2588
vn 0.2588 0.0000 -0.9659
vn -0.9659 0.0000 -0.2588
vn -0.2588 0.0000 0.9659
# 6 vertex normals

vt 1.0000 0.0000 0.0000
vt 1.0000 1.0000 0.0000
vt 0.0000 1.0000 0.0000
vt 0.0000 0.0000 0.0000
# 4 texture coords

g Box156
usemtl _crayfishdiffuse
s 2
f -8/-4/-6 -7/-3/-6 -6/-2/-6 -5/-1/-6 
s 4
f -4/-1/-5 -3/-4/-5 -2/-3/-5 -1/-2/-5 
s 8
f -8/-1/-4 -5/-4/-4 -3/-3/-4 -4/-2/-4 
s 16
f -5/-1/-3 -6/-4/-3 -2/-3/-3 -3/-2/-3 
s 32
f -6/-1/-2 -7/-4/-2 -1/-3/-2 -2/-2/-2 
s 64
f -7/-1/-1 -8/-4/-1 -4/-3/-1 -1/-2/-1 
# 6 polygons

#
# object Box157
#

v  -965231.3125 -1499.7266 -79065.4063
v  -973427.6250 -1499.7266 -81261.5938
v  -970313.9375 -1499.7266 -92881.9688
v  -962117.6250 -1499.7266 -90685.7813
v  -965231.3125 119437.3984 -79065.4063
v  -962117.6250 119437.3984 -90685.7813
v  -970313.9375 119437.3984 -92881.9688
v  -973427.6250 119437.3984 -81261.5938
# 8 vertices

vn 0.0000 -1.0000 -0.0000
vn 0.0000 1.0000 -0.0000
vn 0.9659 0.0000 0.2588
vn 0.2588 0.0000 -0.9659
vn -0.9659 0.0000 -0.2588
vn -0.2588 0.0000 0.9659
# 6 vertex normals

vt 1.0000 0.0000 0.0000
vt 1.0000 1.0000 0.0000
vt 0.0000 1.0000 0.0000
vt 0.0000 0.0000 0.0000
# 4 texture coords

g Box157
usemtl _crayfishdiffuse
s 2
f -8/-4/-6 -7/-3/-6 -6/-2/-6 -5/-1/-6 
s 4
f -4/-1/-5 -3/-4/-5 -2/-3/-5 -1/-2/-5 
s 8
f -8/-1/-4 -5/-4/-4 -3/-3/-4 -4/-2/-4 
s 16
f -5/-1/-3 -6/-4/-3 -2/-3/-3 -3/-2/-3 
s 32
f -6/-1/-2 -7/-4/-2 -1/-3/-2 -2/-2/-2 
s 64
f -7/-1/-1 -8/-4/-1 -4/-3/-1 -1/-2/-1 
# 6 polygons

#
# object Box158
#

v  -721392.0625 63916.9063 -13728.8730
v  -721392.0625 71685.0625 -13728.8730
v  -718278.4375 71685.0625 -25349.2520
v  -718278.4375 63916.9063 -25349.2520
v  -606365.4375 63916.9023 17092.4258
v  -603251.7500 63916.9023 5472.0488
v  -603251.7500 71685.0547 5472.0488
v  -606365.4375 71685.0547 17092.4258
# 8 vertices

vn -0.9659 0.0000 -0.2588
vn 0.9659 -0.0000 0.2588
vn -0.0000 -1.0000 -0.0000
vn 0.2588 0.0000 -0.9659
vn 0.0000 1.0000 0.0000
vn -0.2588 0.0000 0.9659
# 6 vertex normals

vt 1.0000 0.0000 0.0000
vt 1.0000 1.0000 0.0000
vt 0.0000 1.0000 0.0000
vt 0.0000 0.0000 0.0000
# 4 texture coords

g Box158
usemtl _crayfishdiffuse
s 2
f -8/-4/-6 -7/-3/-6 -6/-2/-6 -5/-1/-6 
s 4
f -4/-1/-5 -3/-4/-5 -2/-3/-5 -1/-2/-5 
s 8
f -8/-1/-4 -5/-4/-4 -3/-3/-4 -4/-2/-4 
s 16
f -5/-1/-3 -6/-4/-3 -2/-3/-3 -3/-2/-3 
s 32
f -6/-1/-2 -7/-4/-2 -1/-3/-2 -2/-2/-2 
s 64
f -7/-1/-1 -8/-4/-1 -4/-3/-1 -1/-2/-1 
# 6 polygons

#
# object Box159
#

v  -785009.5000 -1499.7266 -300928.5938
v  -793205.8125 -1499.7266 -303124.7813
v  -790092.1250 -1499.7266 -314745.1563
v  -781895.8125 -1499.7266 -312548.9688
v  -785009.5000 119437.3984 -300928.5938
v  -781895.8125 119437.3984 -312548.9688
v  -790092.1250 119437.3984 -314745.1563
v  -793205.8125 119437.3984 -303124.7813
# 8 vertices

vn 0.0000 -1.0000 -0.0000
vn 0.0000 1.0000 -0.0000
vn 0.9659 0.0000 0.2588
vn 0.2588 0.0000 -0.9659
vn -0.9659 0.0000 -0.2588
vn -0.2588 0.0000 0.9659
# 6 vertex normals

vt 1.0000 0.0000 0.0000
vt 1.0000 1.0000 0.0000
vt 0.0000 1.0000 0.0000
vt 0.0000 0.0000 0.0000
# 4 texture coords

g Box159
usemtl _crayfishdiffuse
s 2
f -8/-4/-6 -7/-3/-6 -6/-2/-6 -5/-1/-6 
s 4
f -4/-1/-5 -3/-4/-5 -2/-3/-5 -1/-2/-5 
s 8
f -8/-1/-4 -5/-4/-4 -3/-3/-4 -4/-2/-4 
s 16
f -5/-1/-3 -6/-4/-3 -2/-3/-3 -3/-2/-3 
s 32
f -6/-1/-2 -7/-4/-2 -1/-3/-2 -2/-2/-2 
s 64
f -7/-1/-1 -8/-4/-1 -4/-3/-1 -1/-2/-1 
# 6 polygons

#
# object Box160
#

v  -653853.6875 63916.9063 -265785.4688
v  -653853.6875 71685.0625 -265785.4688
v  -650740.0625 71685.0625 -277405.8438
v  -650740.0625 63916.9063 -277405.8438
v  -538827.0625 63916.9023 -234964.1719
v  -535713.3750 63916.9023 -246584.5469
v  -535713.3750 71685.0547 -246584.5469
v  -538827.0625 71685.0547 -234964.1719
# 8 vertices

vn -0.9659 0.0000 -0.2588
vn 0.9659 -0.0000 0.2588
vn -0.0000 -1.0000 -0.0000
vn 0.2588 0.0000 -0.9659
vn 0.0000 1.0000 0.0000
vn -0.2588 0.0000 0.9659
# 6 vertex normals

vt 1.0000 0.0000 0.0000
vt 1.0000 1.0000 0.0000
vt 0.0000 1.0000 0.0000
vt 0.0000 0.0000 0.0000
# 4 texture coords

g Box160
usemtl _crayfishdiffuse
s 2
f -8/-4/-6 -7/-3/-6 -6/-2/-6 -5/-1/-6 
s 4
f -4/-1/-5 -3/-4/-5 -2/-3/-5 -1/-2/-5 
s 8
f -8/-1/-4 -5/-4/-4 -3/-3/-4 -4/-2/-4 
s 16
f -5/-1/-3 -6/-4/-3 -2/-3/-3 -3/-2/-3 
s 32
f -6/-1/-2 -7/-4/-2 -1/-3/-2 -2/-2/-2 
s 64
f -7/-1/-1 -8/-4/-1 -4/-3/-1 -1/-2/-1 
# 6 polygons

#
# object Box161
#

v  -852548.0000 -1499.7266 -48871.9688
v  -860744.3125 -1499.7266 -51068.1523
v  -857630.6250 -1499.7266 -62688.5313
v  -849434.3125 -1499.7266 -60492.3477
v  -852548.0000 119437.3984 -48871.9688
v  -849434.3125 119437.3984 -60492.3477
v  -857630.6250 119437.3984 -62688.5313
v  -860744.3125 119437.3984 -51068.1523
# 8 vertices

vn 0.0000 -1.0000 -0.0000
vn 0.0000 1.0000 -0.0000
vn 0.9659 0.0000 0.2588
vn 0.2588 0.0000 -0.9659
vn -0.9659 0.0000 -0.2588
vn -0.2588 0.0000 0.9659
# 6 vertex normals

vt 1.0000 0.0000 0.0000
vt 1.0000 1.0000 0.0000
vt 0.0000 1.0000 0.0000
vt 0.0000 0.0000 0.0000
# 4 texture coords

g Box161
usemtl _crayfishdiffuse
s 2
f -8/-4/-6 -7/-3/-6 -6/-2/-6 -5/-1/-6 
s 4
f -4/-1/-5 -3/-4/-5 -2/-3/-5 -1/-2/-5 
s 8
f -8/-1/-4 -5/-4/-4 -3/-3/-4 -4/-2/-4 
s 16
f -5/-1/-3 -6/-4/-3 -2/-3/-3 -3/-2/-3 
s 32
